7559.14         10018.01        1702943022      12/18/23        
7905.67         9960.53         1702943403      12/18/23        
7905.67         9965.67         1702943417      12/18/23        
7905.67         9960.53         1702943423      12/18/23        
7905.67         9960.53         1702943427      12/18/23        
7905.67         9942.98         1702943432      12/18/23        
7905.67         10040.53        1702943438      12/18/23        
7905.67         9965.67         1702943641      12/18/23        
7905.67         9965.67         1702943977      12/18/23        
8105.67         10165.67        1702944121      12/18/23        
8105.67         10240.53        1702944178      12/18/23        
8105.67         10142.98        1702945108      12/18/23        
7797.75         10150.13        1702945287      12/18/23        
7820.75         10167.71        1702946765      12/18/23        
7260.79         10183.14        1702946791      12/18/23        
7260.79         10184.36        1702947681      12/18/23        
7276.61         10178.42        1702949575      12/18/23        
7276.61         10175.16        1702957881      12/18/23        
